           1           3          40         121
  -1.0000000000000000      -0.44721359549995793       0.44721359549995793        1.0000000000000000     
  0.16666666666666666       0.83333333333333337       0.83333333333333337       0.16666666666666666     
           1           2           3           4
           4           5           6           7
           7           8           9          10
          10          11          12          13
          13          14          15          16
          16          17          18          19
          19          20          21          22
          22          23          24          25
          25          26          27          28
          28          29          30          31
          31          32          33          34
          34          35          36          37
          37          38          39          40
          40          41          42          43
          43          44          45          46
          46          47          48          49
          49          50          51          52
          52          53          54          55
          55          56          57          58
          58          59          60          61
          61          62          63          64
          64          65          66          67
          67          68          69          70
          70          71          72          73
          73          74          75          76
          76          77          78          79
          79          80          81          82
          82          83          84          85
          85          86          87          88
          88          89          90          91
          91          92          93          94
          94          95          96          97
          97          98          99         100
         100         101         102         103
         103         104         105         106
         106         107         108         109
         109         110         111         112
         112         113         114         115
         115         116         117         118
         118         119         120         121
   0.0000000000000000     
   6.9098300562505273E-003
   1.8090169943749474E-002
   2.5000000000000001E-002
   3.1909830056250525E-002
   4.3090169943749479E-002
   5.0000000000000003E-002
   5.6909830056250527E-002
   6.8090169943749487E-002
   7.5000000000000011E-002
   8.1909830056250521E-002
   9.3090169943749482E-002
  0.10000000000000001     
  0.10690983005625053     
  0.11809016994374949     
  0.12500000000000000     
  0.13190983005625054     
  0.14309016994374948     
  0.15000000000000002     
  0.15690983005625053     
  0.16809016994374948     
  0.17500000000000002     
  0.18190983005625053     
  0.19309016994374950     
  0.20000000000000001     
  0.20690983005625055     
  0.21809016994374947     
  0.22500000000000001     
  0.23190983005625054     
  0.24309016994374946     
  0.25000000000000000     
  0.25690983005625057     
  0.26809016994374946     
  0.27500000000000002     
  0.28190983005625053     
  0.29309016994374948     
  0.30000000000000004     
  0.30690983005625055     
  0.31809016994374950     
  0.32500000000000001     
  0.33190983005625058     
  0.34309016994374947     
  0.35000000000000003     
  0.35690983005625054     
  0.36809016994374949     
  0.37500000000000000     
  0.38190983005625057     
  0.39309016994374946     
  0.40000000000000002     
  0.40690983005625053     
  0.41809016994374953     
  0.42500000000000004     
  0.43190983005625050     
  0.44309016994374950     
  0.45000000000000001     
  0.45690983005625052     
  0.46809016994374952     
  0.47500000000000003     
  0.48190983005625054     
  0.49309016994374955     
  0.50000000000000000     
  0.50690983005625057     
  0.51809016994374957     
  0.52500000000000002     
  0.53190983005625048     
  0.54309016994374948     
  0.55000000000000004     
  0.55690983005625050     
  0.56809016994374950     
  0.57500000000000007     
  0.58190983005625052     
  0.59309016994374952     
  0.60000000000000009     
  0.60690983005625054     
  0.61809016994374955     
  0.62500000000000000     
  0.63190983005625057     
  0.64309016994374957     
  0.65000000000000002     
  0.65690983005625059     
  0.66809016994374959     
  0.67500000000000004     
  0.68190983005625050     
  0.69309016994374950     
  0.70000000000000007     
  0.70690983005625052     
  0.71809016994374952     
  0.72500000000000009     
  0.73190983005625054     
  0.74309016994374955     
  0.75000000000000000     
  0.75690983005625057     
  0.76809016994374957     
  0.77500000000000002     
  0.78190983005625059     
  0.79309016994374959     
  0.80000000000000004     
  0.80690983005625050     
  0.81809016994374950     
  0.82500000000000007     
  0.83190983005625052     
  0.84309016994374952     
  0.85000000000000009     
  0.85690983005625054     
  0.86809016994374955     
  0.87500000000000000     
  0.88190983005625057     
  0.89309016994374957     
  0.90000000000000002     
  0.90690983005625059     
  0.91809016994374959     
  0.92500000000000004     
  0.93190983005625050     
  0.94309016994374950     
  0.95000000000000007     
  0.95690983005625052     
  0.96809016994374952     
  0.97500000000000009     
  0.98190983005625054     
  0.99309016994374955     
   1.0000000000000000     
